0.090427
0.067515
0.020446
0.011277
0.017273
0.004851
0.010954
0.019792
0.015219
0.014769
0.014258
0.004428
0.003568
0.018237
0.025767
0.031158
0.007371
0.004844
0.015635
0.004574
0.005451
0.011699
0.011761
0.010999
0.034080
0.002089
0.042599
0.004500
0.009113
0.014614
0.009697
0.017387
0.014582
0.004604
0.014052
0.009818
0.005385
0.004600
0.017312
0.008104
0.006903
0.016328
0.017886
0.005342
0.010606
0.011449
0.034877
0.007790
0.014699
0.079172
0.001629
0.003707
0.013420
0.090950
0.006995
0.011070
0.006679
0.007999
0.013473
0.011873
0.009935
0.007115
0.030350
0.020651
0.015442
0.006580
0.037814
0.008643
0.014637
0.011050
0.011172
0.013375
0.014355
0.057786
0.013869
0.010189
0.015674
0.006564
0.007372
0.035760
0.020184
0.047019
0.008889
0.054371
0.048626
0.042125
0.015314
0.010039
0.016671
0.007375
0.006424
0.006403
0.004817
0.011339
0.014462
0.006238
0.016124
0.003810
0.003411
0.017745
0.085682
0.072866
0.016559
0.015375
0.020369
0.008063
0.015481
0.023721
0.017501
0.002705
0.029189
0.005085
0.014705
0.003764
0.005752
0.038625
0.017664
0.016589
0.001764
0.008059
0.022270
0.014243
0.014150
0.007197
0.071662
0.014518
0.014405
0.004123
0.010144
0.013895
0.008173
0.015958
0.018377
0.013876
0.007817
0.015603
0.013332
0.006672
0.000695
0.005308
0.017191
0.016709
0.008534
0.014164
0.052321
0.005073
0.053092
0.010098
0.017914
0.018486
0.002308
0.012632
0.013584
0.077122
0.016846
0.012334
0.007227
0.011708
0.016253
0.013210
0.004265
0.002251
0.008481
0.017702
0.011429
0.020840
0.037477
0.015908
0.016651
0.010297
0.025867
0.015536
0.018083
0.015921
0.013615
0.006573
0.005418
0.006297
0.013487
0.009032
0.034760
0.041067
0.030387
0.035823
0.061766
0.034431
0.028337
0.017722
0.018130
0.007969
0.008075
0.012793
0.007191
0.011756
0.005214
0.006589
0.001897
0.012469
0.010253
0.001329
